2886279
-51.8739694005677
-18.26945348336652
219.05441281452823
-866.0021594989848
539.3083260589174
474.9571615840359
353.17473404238575
-231.38756654533947
397.10040662281796
467.9607665210009
-851.7274650247361
-917.2487808462845
671.1609707402306
-409.9329238112801
1108.697661882011
-270.24480264894015
647.0764058934539
759.1256955792173
-742.4940307413416
759.2412947250277
1001.4736295140979
-329.8269385577783
324.97399311806186
1315.1113935608678
192.92506809732302
-531.071861196205
-516.3577288930696
560.0110240627304
-126.92114730115243
587.3223933413279
1123.1649659257505
591.9369809117809
97.1285486573247
704.6119342402022
721.3004105090522
-369.27679296914215
-371.874205259689
169.88175566831208
-77.79980531447731
-641.8297950272264
-814.3899184141346
-298.0285523419791
56.03748574723639
-483.54032683287625
86.2783686456606
808.3213169295568
40.27110943446197
-307.7902426508051
1201.4003333909811
-305.46896314320617
1205.0634400368401
788.7449399767386
157.03404175561752
526.0994166690216
-520.4430373693691
990.328029788845
1127.5517913849815
194.77168162328255
585.2173389790303
774.0932454111108
968.455278189325
-580.925033897587
1298.606174689041
-227.85731286877305
929.3428728309354
768.4283369568159
1124.3728278658236
316.32340866148854
-228.42340453170826
-602.7133033160452
-245.65278327781127
539.3397035096866
-204.71731515050402
-142.6080132344329
818.469582786672
303.22072255384927
-6.835150250835991
971.9326785863232
-204.9541916918082
543.2926388484792
1123.0602896279065
-100.76990661405459
-718.9979534904966
651.8986695402506
585.718145022419
-860.8306996303909
-90.55743468676657
1352.6134184063415
274.02562944477074
380.8055107112248
-489.26020572658757
-226.7709070352557
1015.5340422010132
-285.5587198961711
-938.6818014038101
351.467213237554
999.3657778632235
-538.7096189389498
950.5986322196643
41.46300909864483
1157.3823053695303
898.7702965668541
597.9133881695892
1094.8605263457455
154.15073427734035
1099.757567327155
305.41668150188696
